res:
    test3a.png : 2.6938
    test3b.png : 3.20008
    test3c.png : 3.36121
TotalTime : 9.25509
