res:
    test2a.png : 0.175017
    test2b.png : 0.205858
    test2c.png : 0.125108
    test2d.png : 0.193343
TotalTime : 0.699326
