res:
    test3a.png : 2.66829
    test3b.png : 8.68073
    test3c.png : 7.23274
TotalTime : 18.5818
