res:
    test1a.png : 1.07409
    test1b.png : 0.381641
