res:
    test4a.png : 1.43866
    test4b.png : 0.780372
    test4c.png : 1.11488
TotalTime : 3.33391
