res:
    test3a.png : 1.98463
TotalTime : 1.98463
