res:
    test3a.png : 2.09464
    test3b.png : 4.22886
    test3c.png : 3.98669
TotalTime : 10.3102
