res:
    test0a.png : 0.0298841
    test0b.png : 0.00346088
TotalTime : 0.033345
