res:
    test2a.png : 0.16675
    test2b.png : 0.198567
    test2c.png : 0.0967004
TotalTime : 0.462018
