res:
    test1a.png : 0.322568
    test1b.png : 0.0880797
    test1c.png : 0.263888
TotalTime : 0.674535
