res:
    test1a.png : 1.72919
    test1b.png : 0.470041
    test1c.png : 0.51682
TotalTime : 2.71605
