res:
    test1a.png : 1.75329
    test1b.png : 0.477425
    test1c.png : 0.46196
TotalTime : 2.69267
