res:
    test0a.png : 0.000134706
    test0b.png : 3.57628e-06
TotalTime : 0.000138283
