res:
    test5a.png : 1.95372
    test5b.png : 6.25148
    test5c.png : 0.0439603
    test5d.png : 0.0493248
TotalTime : 8.29848
