res:
    test1a.png : 1.79178
    test1b.png : 0.684654
    test1c.png : 0.578685
TotalTime : 3.05512
