res:
    test4c.png : 5.29032
TotalTime : 5.29032
