res:
    test5a.png : 2.06123
    test5b.png : 6.85281
    test5c.png : 0.047313
    test5d.png : 0.0494013
TotalTime : 9.01075
