res:
    test1a.png : 0.219701
    test1b.png : 0.0598483
    test1c.png : 0.203745
TotalTime : 0.483294
