res:
    test1a.png : 1.06058
    test1b.png : 0.362883
    test1c.png : 0.309126
TotalTime : 1.73259
