res:
    test0a.png : 0.0313184
    test0b.png : 0.00336456
TotalTime : 0.034683
