res:
    test0a.png : 0.061095
    test0b.png : 0.0166404
TotalTime : 0.0777354
