res:
    test2a.png : 0.163586
    test2b.png : 0.205174
    test2c.png : 0.0931575
    test2d.png : 0.158159
TotalTime : 0.620076
