res:
    test3a.png : 2.35284
    test3b.png : 2.90714
    test3c.png : 3.45424
TotalTime : 8.71422
