res:
    test2a.png : 0.200695
    test2b.png : 0.237472
    test2c.png : 0.112137
TotalTime : 0.550304
