res:
    test3a.png : 2.40893
    test3b.png : 4.41562
    test3c.png : 4.36178
TotalTime : 11.1863
