res:
    test1a.png : 1.67392
    test1b.png : 0.536402
    test1c.png : 0.782074
TotalTime : 2.9924
