res:
    test0a.png : 0.0335772
    test0b.png : 0.00329876
TotalTime : 0.036876
