res:
    test1a.png : 1.89904
    test1b.png : 0.766679
    test1c.png : 0.634306
TotalTime : 3.30002
