res:
    test3a.png : 2.28811
    test3b.png : 8.23656
    test3c.png : 7.22828
TotalTime : 17.753
