res:
    test3a.png : 2.73287
    test3b.png : 8.77234
    test3c.png : 7.54554
TotalTime : 19.0507
