res:
    test4a.png : 1.04613
    test4b.png : 0.616441
    test4c.png : 5.53005
TotalTime : 7.19262
